10291
10085
5887
29248
8038
39401
34077
2343
44565
49264
7829
29798
17729
19949
52542
8546
56651
47730
30403
35252
42015
13122
5649
43140
54796
8809
38549
1000
5093
38890
49541
47705
43810
43954
3959
19440
34972
14008
29930
34392
33294
43032
46605
61609
26164
59403
39063
53924
52586
6959
32980
57457
64852
7306
62659
14979
46948
57459
58384
48973
27843
56938
57756
13331
55220
38861
6607
420
15446
22039
23574
50044
48483
4224
5131
45527
1900
55119
21528
41964
43570
13997
52796
36141
30301
19463
46064
39176
6808
7126
21208
29411
38766
27294
62520
36277
23177
36636
4251
63060
24880
34115
35479
8021
29833
56875
2702
17286
51539
59532
9486
14050
15808
50172
1317
27541
25688
44965
28328
23421
7944
16103
4606
40139
62385
44182
3535
31847
32825
952
49920
49236
41260
33659
42913
2666
26651
34738
56557
30177
59333
24513
63219
23347
63688
10168
39089
27572
21298
47803
28907
31521
60789
50957
25078
40923
20692
33559
33883
50311
9172
23643
35007
11669
17869
38161
15437
52588
34957
18419
35625
59434
65390
56175
61788
32568
29587
64120
29573
10932
23623
41372
49367
30190
40505
26479
18014
62115
48507
38769
46022
5840
25176
64343
41791
37100
26924
51070
56134
10390
57068
20808
35379
64573
34849
18664
10977
6549
62452
45121
44876
5282
53750
50729
34001
35450
50304
27813
58570
63338
19581
2637
16210
9847
37678
42627
60313
55374
48150
42609
25971
19473
23188
33207
26932
45842
33841
27041
6407
35804
30792
57596
55627
36654
49217
54628
50859
36057
7812
57709
4239
64824
20162
61826
20483
30803
1442
53296
19867
60439
24870
57826
60321
43350
1004
6179
58333
62013
58575
27016
15661
65070
51051
45534
17378
44399
49763
5633
5076
54401
60103
62557
33674
59856
33305
9958
20491
27385
865
16666
36828
55112
23773
25895
44329
7567
5150
60031
57770
45683
9056
1615
36466
46045
1459
57318
58654
60578
44393
26617
31358
49959
25164
7825
17386
3254
46355
59423
41776
63457
38890
41818
59583
14541
6847
24321
45985
62710
29141
40191
57905
38664
36824
51142
8353
22801
20205
60230
16955
31217
36817
29981
25546
25767
55250
35683
46846
39731
24544
51065
56381
44426
40212
28251
57471
32187
34664
47794
35711
18239
4850
23117
22124
28279
54295
51494
34842
51558
54612
58329
59444
33071
34336
37539
51952
42977
64523
16663
57595
21840
45604
28081
61283
25237
35965
46021
56
25750
16300
35340
39368
11505
49992
36021
26367
7132
11326
37736
31423
53135
1419
22166
61771
1181
58493
54207
20844
45214
50907
35472
20937
54240
38357
44237
57773
8688
38412
19830
52723
18830
21676
57479
36536
19919
53336
6239
42885
27006
54286
34964
11737
24058
12185
56316
6035
48559
13642
52527
45093
49778
34190
8709
16074
65405
10003
25581
30047
53234
31590
60528
38320
48071
9460
40781
30060
18485
6664
38521
14043
17483
10557
24596
61702
49263
13537
51086
54392
34503
36035
35281
1431
17564
36371
40107
18853
12428
8452
46107
21354
2175
45162
35023
32621
56213
51856
45652
57484
29054
2145
4464
52326
57438
723
13318
34337
18103
47900
30778
3406
52733
45454
12339
33026
24297
5944
38768
29714
30780
49065
1565
12752
46632
16556
45747
29234
451
40494
15975
46069
28515
58946
49692
12898
18048
48519
40847
46639
59446
25687
51667
52437
37087
39521
55589
60043
44951
46560
9381
49313
37518
38592
24906
30479
57937
63981
17469
17436
12243
20269
16448
2917
10847
8481
19959
44327
51878
32017
28202
41796
24726
35814
10113
35273
24881
49298
5965
34928
39478
65345
64184
136
337
56726
37721
55949
15952
23445
62584
46950
51517
4290
7316
48673
39183
60867
1611
53112
60283
8843
23551
22384
17761
2149
48943
31334
62132
51126
44983
57642
44938
53276
58333
20071
53288
45031
43315
33281
58766
52016
19278
50291
5560
23563
41257
65441
58517
53748
43112
15304
6872
30664
26415
4266
38057
29356
22020
29943
45538
64060
869
55964
44652
47351
61129
46615
33159
50101
14536
7132
55468
36324
30332
45271
3188
50988
63207
40253
26108
37697
7888
53896
61265
4015
12843
51641
15528
29134
15823
56669
58292
6916
43496
46650
40367
3928
57437
35187
42174
5153
64477
30386
45476
1774
32641
29538
59492
29030
1255
22738
64662
2744
50034
52591
16046
23445
63234
32795
7263
35857
60284
8091
52836
3064
48362
27190
32511
9213
26204
57889
38128
329
15331
5545
4331
47898
25235
58667
1400
33846
50314
57453
15714
23959
41681
18372
41329
30100
35769
46836
64828
64741
44677
14173
27436
51626
21700
55205
6852
7704
35611
53341
57629
25886
36546
16862
17296
39229
34444
16280
34532
18794
1672
58106
64363
6929
16448
45994
57175
8171
63380
46839
1469
4068
2405
50310
8458
15342
46610
23984
25862
64394
59957
46785
56609
7488
25778
6352
41572
1970
5603
26474
18019
22077
10498
49639
43308
48899
23311
48231
50396
31059
6512
2890
9483
32967
11015
11446
2181
23405
45119
18872
64330
13848
9787
21266
56247
35288
59146
6093
10774
14032
47256
33989
35956
19315
16021
24530
4847
6571
13500
5551
57786
58970
57105
47994
63397
24674
2366
18904
14439
11338
44317
42113
15227
36267
8039
62472
37241
33136
43024
42070
52313
14439
12072
26683
4514
43631
9834
35890
62004
7274
55336
47088
45164
44990
36215
49756
42235
65183
39983
9640
39815
3505
61812
56417
29636
30599
27469
23575
8421
14801
41935
4496
64005
23609
20097
15574
51391
16209
5452
35844
55822
35700
57801
2458
42674
54728
39467
16892
13844
22903
47819
16961
53128
56953
36499
52323
43897
45700
36238
53566
20316
42456
4581
41642
58936
20850
56561
1827
61997
40972
4022
16237
64649
5269
18648
30056
44816
39073
38294
62599
58669
37096
6204
61347
35994
30395
34023
41077
34037
32843
29066
55752
25382
51285
34905
2631
631
36133
53273
28985
63515
16515
54502
25710
18697
19169
43400
60847
35666
13749
42576
23089
58975
57337
57942
11841
5692
63082
38789
5778
47229
909
42259
9762
10868
31713
61290
59112
13269
30150
27617
25543
37835
39842
47857
30342
25516
1909
36916
56480
40974
23042
5492
9251
10556
39592
33039
40583
13570
26865
20675
40170
43044
17214
54301
10136
43872
12218
50787
48218
16655
54177
49767
60443
48080
61817
64466
43874
62895
